DAMPING =  0.050


         PERIOD      FREQUENCY       RESPONSE      TIME


         0.0200       50.0000        1.6095        2.8120         1
         0.0205       48.7568        1.6524        2.8120         2
         0.0210       47.5444        1.6932        2.8120         3
         0.0216       46.3623        1.7319        2.8120         4
         0.0221       45.2095        1.7684        2.8120         5
         0.0227       44.0854        1.8027        2.8120         6
         0.0233       42.9892        1.8373        2.8140         7
         0.0239       41.9203        1.8940        2.8140         8
         0.0245       40.8779        1.9480        2.8140         9
         0.0251       39.8615        1.9914        2.8125        10
         0.0257       38.8704        2.0264        2.8125        11
         0.0264       37.9039        2.0589        2.8125        12
         0.0271       36.9614        2.0892        2.8125        13
         0.0277       36.0424        2.1426        2.8150        14
         0.0285       35.1462        2.2016        2.8150        15
         0.0292       34.2723        2.2576        2.8150        16
         0.0299       33.4201        2.3110        2.8150        17
         0.0307       32.5891        2.3621        2.8150        18
         0.0315       31.7788        2.4113        2.8150        19
         0.0323       30.9886        2.4591        2.8150        20
         0.0331       30.2181        2.5060        2.8150        21
         0.0339       29.4667        2.5016        2.8133        22
         0.0348       28.7341        2.5379        2.8167        23
         0.0357       28.0196        2.6192        2.8167        24
         0.0366       27.3229        2.6965        2.8167        25
         0.0375       26.6435        2.7647        2.8167        26
         0.0385       25.9810        2.8176        2.8167        27
         0.0395       25.3350        2.8492        2.8167        28
         0.0405       24.7051        2.8584        2.8167        29
         0.0415       24.0908        2.8521        2.8167        30
         0.0426       23.4918        2.8457        2.8167        31
         0.0437       22.9077        2.8568        2.8167        32
         0.0448       22.3381        2.8946        2.8167        33
         0.0459       21.7826        2.9511        2.8167        34
         0.0471       21.2410        3.0029        2.8167        35
         0.0483       20.7129        3.0533        2.8200        36
         0.0495       20.1979        3.0933        2.8200        37
         0.0508       19.6956        3.0132        2.8200        38
         0.0521       19.2059       -3.1698       10.8350        39
         0.0534       18.7284       -3.4574       11.0550        40
         0.0548       18.2627       -3.7153       11.3350        41
         0.0562       17.8086       -3.9092       11.5650        42
         0.0576       17.3658       -4.2171       11.9150        43
         0.0591       16.9340       -4.4293       12.2750        44
         0.0606       16.5129       -4.6107       12.5250        45
         0.0621       16.1023       -4.8473       12.8400        46
         0.0637       15.7020       -5.0525       13.2300        47
         0.0653       15.3115       -5.2315       13.5650        48
         0.0670       14.9308        5.5578       13.8050        49
         0.0687       14.5596        5.9450       14.2950        50
         0.0704       14.1976        6.3133       14.6550        51
         0.0722       13.8445        6.6574       15.0250        52
         0.0741       13.5003        6.9950       15.4050        53
         0.0760       13.1646        7.3332       15.7150        54
         0.0779       12.8373        7.5739       16.0350        55
         0.0799       12.5181       -8.1159       16.5600        56
         0.0819       12.2068       -8.6152       16.9800        57
         0.0840       11.9033       -8.6191       17.1550        58
         0.0862       11.6073       -8.2505       17.5000        59
         0.0883       11.3187       -7.3391       17.8550        60
         0.0906       11.0373       -6.3705       18.1250        61
         0.0929       10.7628       -5.3067       18.2200        62
         0.0953       10.4952        4.3090       18.2700        63
         0.0977       10.2343        4.0100        2.8300        64
         0.1002        9.9798        4.0055        2.8200        65
         0.1028        9.7317        4.0555        2.8200        66
         0.1054        9.4897        4.1276        2.8300        67
         0.1081        9.2537        4.1907        2.8300        68
         0.1108        9.0236        4.2245        2.8300        69
         0.1136        8.7993        4.2545        2.8300        70
         0.1165        8.5805        4.3062        2.8300        71
         0.1195        8.3671        4.3839        2.8300        72
         0.1226        8.1591        4.4745        2.8300        73
         0.1257        7.9562        4.5505        2.8300        74
         0.1289        7.7584        4.5947        2.8300        75
         0.1322        7.5655        4.6094        2.8300        76
         0.1356        7.3773        4.6094        2.8300        77
         0.1390        7.1939        4.6255        2.8300        78
         0.1426        7.0150        4.6647        2.8300        79
         0.1462        6.8406        4.7422        2.8400        80
         0.1499        6.6705        4.8570        2.8400        81
         0.1537        6.5047        4.9744        2.8400        82
         0.1577        6.3429        5.0668        2.8400        83
         0.1617        6.1852        5.1225        2.8400        84
         0.1658        6.0314        5.1592        2.8400        85
         0.1700        5.8814        5.1619        2.8400        86
         0.1744        5.7352        5.2049        2.8400        87
         0.1788        5.5926        5.2370        2.8400        88
         0.1834        5.4535        5.3217        2.8400        89
         0.1880        5.3179        5.4372        2.8500        90
         0.1928        5.1857        5.5359        2.8500        91
         0.1978        5.0568        5.6966        2.8500        92
         0.2028        4.9310        5.8171        2.8500        93
         0.2080        4.8084        5.8415        2.8500        94
         0.2133        4.6889        5.9630        2.8500        95
         0.2187        4.5723        6.0131        2.8500        96
         0.2243        4.4586        5.9728        2.8600        97
         0.2300        4.3477        6.1266        2.8600        98
         0.2359        4.2396        6.3506        2.8600        99
         0.2419        4.1342        6.2211        2.8600       100
         0.2481        4.0314        6.0442        2.8600       101
         0.2544        3.9312        6.2528        2.8600       102
         0.2609        3.8334        6.5384        2.8600       103
         0.2675        3.7381        6.5939        2.8600       104
         0.2743        3.6452        6.6840        2.8600       105
         0.2813        3.5545        6.9543        2.8700       106
         0.2885        3.4661        7.1339        2.8700       107
         0.2959        3.3800        7.0821        2.8700       108
         0.3034        3.2959        7.0929        2.8700       109
         0.3111        3.2140        7.3151        2.8800       110
         0.3191        3.1340        7.5196        2.8800       111
         0.3272        3.0561        7.4777        2.8800       112
         0.3356        2.9801        7.3965        2.8800       113
         0.3441        2.9060        7.5800        2.8800       114
         0.3529        2.8338        7.9359        2.8800       115
         0.3619        2.7633        8.1399        2.8900       116
         0.3711        2.6946        8.0989        2.8900       117
         0.3806        2.6276        8.0555        2.8900       118
         0.3903        2.5623        8.3137        2.8900       119
         0.4002        2.4986        8.7995        2.8900       120
         0.4104        2.4364        9.1502        2.9000       121
         0.4209        2.3759        9.2017        2.9100       122
         0.4316        2.3168        9.0465        2.9100       123
         0.4426        2.2592        8.9896        2.9100       124
         0.4539        2.2030        9.3219        2.9000       125
         0.4655        2.1482        9.8830        2.9000       126
         0.4774        2.0948       10.3219        2.9100       127
         0.4895        2.0427       10.4362        2.9300       128
         0.5020        1.9919       10.2381        2.9400       129
         0.5148        1.9424        9.9148        2.9400       130
         0.5280        1.8941        9.8548        2.9300       131
         0.5414        1.8470       10.3515        2.9100       132
         0.5552        1.8011       11.1167        2.9100       133
         0.5694        1.7563       11.7539        2.9200       134
         0.5839        1.7126       12.0736        2.9400       135
         0.5988        1.6700       12.0242        2.9600       136
         0.6141        1.6285       11.6759        2.9800       137
         0.6297        1.5880      -12.0759        0.3800       138
         0.6458        1.5485      -12.5089        0.3900       139
         0.6622        1.5100      -12.9520        0.4000       140
         0.6791        1.4725      -13.4050        0.4100       141
         0.6964        1.4359       14.0007        2.9200       142
         0.7142        1.4002       14.7627        2.9400       143
         0.7324        1.3654       15.1809        2.9700       144
         0.7511        1.3314      -15.3235        0.4500       145
         0.7702        1.2983      -15.8336        0.4600       146
         0.7899        1.2660      -16.3577        0.4700       147
         0.8100        1.2345      -16.8970        0.4800       148
         0.8307        1.2038      -17.4584        0.5000       149
         0.8519        1.1739      -18.0406        0.5100       150
         0.8736        1.1447      -18.6412        0.5200       151
         0.8958        1.1163      -19.2723        0.5400       152
         0.9187        1.0885      -19.9238        0.5500       153
         0.9421        1.0614      -20.6052        0.5700       154
         0.9661        1.0350      -21.3067        0.5800       155
         0.9908        1.0093      -22.0353        0.6000       156
         1.0160        0.9842      -22.7820        0.6100       157
         1.0419        0.9597      -23.5501        0.6300       158
         1.0685        0.9359      -24.3367        0.6400       159
         1.0958        0.9126      -25.1389        0.6600       160
         1.1237        0.8899      -25.9623        0.6700       161
         1.1524        0.8678      -26.7986        0.6900       162
         1.1817        0.8462      -27.6581        0.7000       163
         1.2119        0.8252      -28.5334        0.7200       164
         1.2428        0.8047      -29.4301        0.7300       165
         1.2745        0.7846      -30.3518        0.7500       166
         1.3070        0.7651      -31.2953        0.7700       167
         1.3403        0.7461      -32.2628        0.7900       168
         1.3745        0.7276      -33.2562        0.8000       169
         1.4095        0.7095      -34.2761        0.8200       170
         1.4454        0.6918      -35.3177        0.8400       171
         1.4823        0.6746      -36.3788        0.8600       172
         1.5201        0.6579      -37.4573        0.8800       173
         1.5589        0.6415      -38.5518        0.8900       174
         1.5986        0.6255      -39.6656        0.9100       175
         1.6394        0.6100      -40.7929        0.9300       176
         1.6812        0.5948      -41.9340        0.9500       177
         1.7240        0.5800      -43.0896        0.9700       178
         1.7680        0.5656      -44.2606        0.9900       179
         1.8131        0.5515      -45.4477        1.0100       180
         1.8593        0.5378      -46.6505        1.0300       181
         1.9067        0.5245      -47.8681        1.0500       182
         1.9553        0.5114      -49.0991        1.0700       183
         2.0052        0.4987       52.2143        2.4200       184
         2.0563        0.4863       56.2170        2.4600       185
         2.1088        0.4742       60.3096        2.5000       186
         2.1625        0.4624       64.4858        2.5500       187
         2.2177        0.4509       68.7399        2.5900       188
         2.2742        0.4397       73.0587        2.6300       189
         2.3322        0.4288       77.4469        2.6800       190
         2.3917        0.4181       81.8780        2.7300       191
         2.4527        0.4077       86.3568        2.7700       192
         2.5152        0.3976       91.0652        2.8400       193
         2.5794        0.3877       95.9070        2.8800       194
         2.6451        0.3781      100.7469        2.9300       195
         2.7126        0.3687      105.5608        2.9800       196
         2.7817        0.3595      110.3384        3.0200       197
         2.8527        0.3505      115.0803        3.0700       198
         2.9254        0.3418      119.7650        3.1200       199
         3.0000        0.3333      124.3847        3.1700       200
