         0.0200       50.0000        1.6603        2.8120         1
         0.0205       48.7568        1.7055        2.8120         2
         0.0210       47.5444        1.7484        2.8120         3
         0.0216       46.3623        1.7888        2.8120         4
         0.0221       45.2095        1.8268        2.8120         5
         0.0227       44.0854        1.8623        2.8120         6
         0.0233       42.9892        1.8984        2.8140         7
         0.0239       41.9203        1.9581        2.8140         8
         0.0245       40.8779        2.0147        2.8140         9
         0.0251       39.8615        2.0586        2.8125        10
         0.0257       38.8704        2.0943        2.8125        11
         0.0264       37.9039        2.1275        2.8125        12
         0.0271       36.9614        2.1579        2.8125        13
         0.0277       36.0424        2.2179        2.8150        14
         0.0285       35.1462        2.2788        2.8150        15
         0.0292       34.2723        2.3364        2.8150        16
         0.0299       33.4201        2.3909        2.8150        17
         0.0307       32.5891        2.4427        2.8150        18
         0.0315       31.7788        2.4928        2.8150        19
         0.0323       30.9886        2.5419        2.8150        20
         0.0331       30.2181        2.5912        2.8150        21
         0.0339       29.4667        2.5880        2.8133        22
         0.0348       28.7341        2.6337        2.8167        23
         0.0357       28.0196        2.7280        2.8167        24
         0.0366       27.3229        2.8228        2.8167        25
         0.0375       26.6435        2.9104        2.8167        26
         0.0385       25.9810        2.9778        2.8167        27
         0.0395       25.3350        3.2326        8.2967        28
         0.0405       24.7051        3.4948        8.4233        29
         0.0415       24.0908        3.7610        8.7200        30
         0.0426       23.4918        4.0222        8.9400        31
         0.0437       22.9077        4.3395        9.1233        32
         0.0448       22.3381        4.6383        9.3533        33
         0.0459       21.7826        4.8673        9.5900        34
         0.0471       21.2410        5.1423        9.8800        35
         0.0483       20.7129        5.3772       10.0800        36
         0.0495       20.1979       -5.7310       10.4100        37
         0.0508       19.6956       -6.2017       10.6200        38
         0.0521       19.2059       -6.5509       10.8350        39
         0.0534       18.7284       -7.0378       11.1650        40
         0.0548       18.2627       -7.5653       11.4450        41
         0.0562       17.8086       -8.0845       11.7350        42
         0.0576       17.3658       -8.4994       12.0900        43
         0.0591       16.9340       -9.1453       12.3350        44
         0.0606       16.5129       -9.4520       12.5850        45
         0.0621       16.1023       -9.9715       13.0300        46
         0.0637       15.7020      -10.4924       13.2950        47
         0.0653       15.3115      -11.0283       13.6300        48
         0.0670       14.9308       11.6363       14.0100        49
         0.0687       14.5596       12.2773       14.3650        50
         0.0704       14.1976       13.2295       14.7250        51
         0.0722       13.8445       13.8109       15.1700        52
         0.0741       13.5003       14.5303       15.4800        53
         0.0760       13.1646       15.3582       15.8700        54
         0.0779       12.8373      -16.0362       16.3100        55
         0.0799       12.5181      -16.9152       16.8050        56
         0.0819       12.2068      -17.9723       17.1450        57
         0.0840       11.9033      -17.6426       17.4950        58
         0.0862       11.6073      -16.6021       17.9350        59
         0.0883       11.3187      -14.6593       18.2100        60
         0.0906       11.0373      -12.0661       18.6700        61
         0.0929       10.7628        9.4167       18.9100        62
         0.0953       10.4952        6.8481       19.2000        63
         0.0977       10.2343        4.5460       19.3000        64
         0.1002        9.9798        4.1182        2.8200        65
         0.1028        9.7317        4.2216        2.8200        66
         0.1054        9.4897        4.3301        2.8300        67
         0.1081        9.2537        4.4025        2.8300        68
         0.1108        9.0236        4.3466        2.8300        69
         0.1136        8.7993        4.3064        2.8300        70
         0.1165        8.5805        4.3821        2.8300        71
         0.1195        8.3671        4.4396        2.8300        72
         0.1226        8.1591        4.6484        2.8300        73
         0.1257        7.9562        4.7365        2.8300        74
         0.1289        7.7584        4.7760        2.8300        75
         0.1322        7.5655        4.7723        2.8300        76
         0.1356        7.3773        4.6446        2.8400        77
         0.1390        7.1939        4.7020        2.8300        78
         0.1426        7.0150        4.6659        2.8400        79
         0.1462        6.8406        4.8692        2.8300        80
         0.1499        6.6705        4.9665        2.8400        81
         0.1537        6.5047        5.1553        2.8400        82
         0.1577        6.3429        5.3173        2.8400        83
         0.1617        6.1852        5.2323        2.8400        84
         0.1658        6.0314        5.4529        2.8400        85
         0.1700        5.8814        5.0638        2.8400        86
         0.1744        5.7352        5.4259        2.8400        87
         0.1788        5.5926        5.2287        2.8500        88
         0.1834        5.4535        5.2992        2.8400        89
         0.1880        5.3179        5.8111        2.8500        90
         0.1928        5.1857        5.4000        2.8500        91
         0.1978        5.0568        5.9702        2.8400        92
         0.2028        4.9310        6.3209        2.8500        93
         0.2080        4.8084        5.5868        2.8500        94
         0.2133        4.6889        6.2961        2.8500        95
         0.2187        4.5723        6.6959        2.8600        96
         0.2243        4.4586       -6.0711        0.5900        97
         0.2300        4.3477       -6.2427        0.6000        98
         0.2359        4.2396        7.4964        2.8600        99
         0.2419        4.1342        6.8207        2.8800       100
         0.2481        4.0314       -6.5227        0.6300       101
         0.2544        3.9312       -6.5297        0.6400       102
         0.2609        3.8334        7.3033        2.8600       103
         0.2675        3.7381        6.6928        2.8700       104
         0.2743        3.6452       -6.3783        0.4200       105
         0.2813        3.5545        7.4426        2.8600       106
         0.2885        3.4661        7.9036        2.8700       107
         0.2959        3.3800        7.1981        2.8900       108
         0.3034        3.2959        6.6500        2.8700       109
         0.3111        3.2140        7.5967        2.8700       110
         0.3191        3.1340        8.2827        2.8800       111
         0.3272        3.0561        7.8439        2.9000       112
         0.3356        2.9801        6.8809        2.9000       113
         0.3441        2.9060        7.2851        2.8700       114
         0.3529        2.8338        8.4877        2.8700       115
         0.3619        2.7633        8.9223        2.8900       116
         0.3711        2.6946        8.3495        2.9100       117
         0.3806        2.6276       -7.7263        0.5900       118
         0.3903        2.5623        7.9914        2.8700       119
         0.4002        2.4986        9.3774        2.8700       120
         0.4104        2.4364       10.1693        2.8900       121
         0.4209        2.3759       10.0298        2.9200       122
         0.4316        2.3168        9.1004        2.9300       123
         0.4426        2.2592       -9.1825        0.6800       124
         0.4539        2.2030       -9.3825        0.7000       125
         0.4655        2.1482       10.5099        2.8900       126
         0.4774        2.0948       11.4777        2.9100       127
         0.4895        2.0427       11.6117        2.9400       128
         0.5020        1.9919       10.9382        2.9600       129
         0.5148        1.9424      -10.3729        0.7900       130
         0.5280        1.8941      -10.6022        0.8200       131
         0.5414        1.8470      -10.8423        0.8400       132
         0.5552        1.8011       11.8014        2.8800       133
         0.5694        1.7563       12.9897        2.9100       134
         0.5839        1.7126       13.4860        2.9500       135
         0.5988        1.6700       13.2596        2.9800       136
         0.6141        1.6285       12.3820        3.0200       137
         0.6297        1.5880      -12.5568        0.3800       138
         0.6458        1.5485      -13.0056        0.3900       139
         0.6622        1.5100      -13.4657        0.4000       140
         0.6791        1.4725      -13.9367        0.4100       141
         0.6964        1.4359       15.3684        2.8900       142
         0.7142        1.4002       16.5075        2.9300       143
         0.7324        1.3654       17.0755        2.9700       144
         0.7511        1.3314       17.0550        3.0200       145
         0.7702        1.2983       16.4920        3.0600       146
         0.7899        1.2660      -17.0194        0.4700       147
         0.8100        1.2345      -17.5838        0.4800       148
         0.8307        1.2038      -18.1650        0.4900       149
         0.8519        1.1739      -18.7675        0.5100       150
         0.8736        1.1447      -19.3969        0.5200       151
         0.8958        1.1163      -20.0458        0.5300       152
         0.9187        1.0885      -20.7267        0.5500       153
         0.9421        1.0614      -21.4293        0.5600       154
         0.9661        1.0350       22.3380        3.0000       155
         0.9908        1.0093      -22.9162        0.5900       156
         1.0160        0.9842      -23.6967        0.6100       157
         1.0419        0.9597      -24.4963        0.6200       158
         1.0685        0.9359      -25.3169        0.6400       159
         1.0958        0.9126      -26.1574        0.6500       160
         1.1237        0.8899      -27.0144        0.6700       161
         1.1524        0.8678      -27.8931        0.6800       162
         1.1817        0.8462      -28.7884        0.7000       163
         1.2119        0.8252      -29.7050        0.7100       164
         1.2428        0.8047      -30.6446        0.7300       165
         1.2745        0.7846      -31.6043        0.7500       166
         1.3070        0.7651      -32.5905        0.7600       167
         1.3403        0.7461      -33.6052        0.7800       168
         1.3745        0.7276      -34.6453        0.8000       169
         1.4095        0.7095      -35.7102        0.8200       170
         1.4454        0.6918      -36.7984        0.8400       171
         1.4823        0.6746      -37.9080        0.8600       172
         1.5201        0.6579      -39.0410        0.8700       173
         1.5589        0.6415      -40.1923        0.8900       174
         1.5986        0.6255      -41.3593        0.9100       175
         1.6394        0.6100      -42.5415        0.9300       176
         1.6812        0.5948      -43.7384        0.9500       177
         1.7240        0.5800      -44.9515        0.9700       178
         1.7680        0.5656      -46.1814        0.9900       179
         1.8131        0.5515      -47.4281        1.0100       180
         1.8593        0.5378      -48.6919        1.0300       181
         1.9067        0.5245      -49.9715        1.0500       182
         1.9553        0.5114       52.6479        2.3300       183
         2.0052        0.4987       56.8926        2.3800       184
         2.0563        0.4863       61.2493        2.4200       185
         2.1088        0.4742       65.7166        2.4700       186
         2.1625        0.4624       70.2740        2.5100       187
         2.2177        0.4509       74.9204        2.5600       188
         2.2742        0.4397       79.6392        2.6100       189
         2.3322        0.4288       84.4281        2.6500       190
         2.3917        0.4181       89.2775        2.7000       191
         2.4527        0.4077       94.1681        2.7500       192
         2.5152        0.3976       99.1283        2.8100       193
         2.5794        0.3877      104.4156        2.8600       194
         2.6451        0.3781      109.6945        2.9100       195
         2.7126        0.3687      114.9527        2.9600       196
         2.7817        0.3595      120.1733        3.0100       197
         2.8527        0.3505      125.3461        3.0600       198
         2.9254        0.3418      130.4602        3.1100       199
         3.0000        0.3333      135.5049        3.1600       200
