        TIME INCREMENT = 0.010
                   SIMULATED GROUND ACCELERATION


      -0.0201  0.0000  0.0358  0.0696  0.1008  0.1253  0.1435  0.1566  0.1642  0.1677  0.1686  0.1660  0.1625  0.1572  0.1516
       0.1465  0.1419  0.1390  0.1381  0.1390  0.1424  0.1474  0.1538  0.1616  0.1695  0.1779  0.1858  0.1931  0.1998  0.2054
       0.2099  0.2135  0.2157  0.2169  0.2168  0.2158  0.2143  0.2122  0.2100  0.2082  0.2067  0.2061  0.2063  0.2072  0.2091
       0.2115  0.2146  0.2181  0.2218  0.2258  0.2297  0.2334  0.2369  0.2398  0.2421  0.2436  0.2443  0.2443  0.2435  0.2421
       0.2404  0.2384  0.2365  0.2346  0.2329  0.2316  0.2306  0.2301  0.2300  0.2302  0.2310  0.2321  0.2334  0.2351  0.2366
       0.2382  0.2394  0.2402  0.2405  0.2404  0.2396  0.2384  0.2366  0.2345  0.2322  0.2295  0.2269  0.2241  0.2214  0.2189
       0.2166  0.2145  0.2129  0.2115  0.2107  0.2100  0.2096  0.2093  0.2090  0.2086  0.2080  0.2071  0.2060  0.2044  0.2026
       0.2004  0.1977  0.1949  0.1917  0.1882  0.1846  0.1809  0.1773  0.1738  0.1704  0.1674  0.1646  0.1620  0.1598  0.1577
       0.1558  0.1541  0.1523  0.1505  0.1487  0.1466  0.1445  0.1420  0.1393  0.1362  0.1329  0.1293  0.1253  0.1212  0.1170
       0.1127  0.1085  0.1044  0.1003  0.0965  0.0929  0.0895  0.0862  0.0831  0.0803  0.0776  0.0749  0.0723  0.0696  0.0669
       0.0640  0.0609  0.0576  0.0540  0.0501  0.0461  0.0419  0.0375  0.0330  0.0285  0.0240  0.0195  0.0151  0.0108  0.0067
       0.0028 -0.0009 -0.0045 -0.0078 -0.0110 -0.0142 -0.0173 -0.0203 -0.0235 -0.0267 -0.0302 -0.0337 -0.0374 -0.0413 -0.0454
      -0.0497 -0.0540 -0.0584 -0.0630 -0.0675 -0.0720 -0.0764 -0.0807 -0.0850 -0.0890 -0.0928 -0.0964 -0.0999 -0.1034 -0.1066
      -0.1098 -0.1130 -0.1161 -0.1193 -0.1224 -0.1255 -0.1281 -0.1306 -0.1331 -0.1355 -0.1376 -0.1396 -0.1414 -0.1431 -0.1448
      -0.1465 -0.1488 -0.1517 -0.1554 -0.1602 -0.1658 -0.1718 -0.1777 -0.1824 -0.1852 -0.1854 -0.1833 -0.1800 -0.1771 -0.1767
      -0.1800 -0.1866 -0.1946 -0.2011 -0.2034 -0.2011 -0.1965 -0.1938 -0.1967 -0.2048 -0.2138 -0.2183 -0.2155 -0.2092 -0.2062
      -0.2109 -0.2204 -0.2264 -0.2236 -0.2158 -0.2126 -0.2192 -0.2289 -0.2309 -0.2235 -0.2175 -0.2223 -0.2330 -0.2359 -0.2281
      -0.2228 -0.2301 -0.2405 -0.2390 -0.2295 -0.2296 -0.2409 -0.2450 -0.2356 -0.2309 -0.2406 -0.2471 -0.2383 -0.2319 -0.2413
      -0.2477 -0.2379 -0.2327 -0.2435 -0.2470 -0.2357 -0.2353 -0.2474 -0.2445 -0.2339 -0.2414 -1.0000 -0.2391 -0.2364 -0.2487
      -0.2451 -0.2348 -0.2443 -0.2484 -0.2356 -0.2394 -0.2485 -0.2368 -0.2352 -0.2467 -0.2373 -0.2321 -0.2444 -0.2371 -0.2300
      -0.2424 -0.2359 -0.2286 -0.2411 -0.2341 -0.2277 -0.2402 -0.2312 -0.2272 -0.2389 -0.2272 -0.2275 -0.2365 -0.2225 -0.2283
      -0.2317 -0.2182 -0.2291 -0.2244 -0.2164 -0.2284 -0.2161 -0.2178 -0.2239 -0.2098 -0.2206 -0.2151 -0.2091 -0.2201 -0.2059
      -0.2132 -0.2123 -0.2027 -0.2148 -0.2012 -0.2069 -0.2068 -0.1968 -0.2085 -0.1942 -0.2013 -0.1982 -0.1911 -0.2008 -0.1859
      -0.1966 -0.1873 -0.1874 -0.1908 -0.1793 -0.1909 -0.1763 -0.1856 -0.1781 -0.1774 -0.1808 -0.1699 -0.1809 -0.1658 -0.1769
      -0.1652 -0.1699 -0.1665 -0.1621 -0.1673 -0.1554 -0.1660 -0.1509 -0.1624 -0.1486 -0.1569 -0.1479 -0.1504 -0.1478 -0.1439
      -0.1473 -0.1381 -0.1460 -0.1332 -0.1438 -0.1292 -0.1407 -0.1260 -0.1368 -0.1232 -0.1323 -0.1207 -0.1275 -0.1182 -0.1227
      -0.1156 -0.1180 -0.1130 -0.1134 -0.1102 -0.1092 -0.1073 -0.1053 -0.1044 -0.1017 -0.1015 -0.0985 -0.0986 -0.0957 -0.0957
      -0.0932 -0.0928 -0.0911 -0.0899 -0.0893 -0.0868 -0.0875 -0.0833 -0.0857 -0.0790 -0.0832 -0.0736 -0.0795 -0.0670 -0.0745
      -0.0592 -0.0684 -0.0511 -0.0618 -0.0445 -0.0559 -0.0413 -0.0519 -0.0423 -0.0501 -0.0465 -0.0484 -0.0506 -0.0436 -0.0506
      -0.0341 -0.0447 -0.0229 -0.0359 -0.0163 -0.0296 -0.0188 -0.0274 -0.0273 -0.0240 -0.0321 -0.0138 -0.0270 -0.0010 -0.0172
       0.0021 -0.0119 -0.0079 -0.0089 -0.0173  0.0018 -0.0131  0.0158 -0.0027  0.0153  0.0020  0.0007  0.0087 -0.0045  0.0247
       0.0057  0.0303  0.0130  0.0146  0.0192  0.0058  0.0360  0.0161  0.0405  0.0234  0.0219  0.0321  0.0163  0.0502  0.0279
       0.0447  0.0342  0.0246  0.0504  0.0298  0.0608  0.0400  0.0392  0.0511  0.0327  0.0692  0.0454  0.0534  0.0543  0.0378
       0.0746  0.0504  0.0645  0.0591  0.0441  0.0799  0.0557  0.0720  0.0648  0.0500  0.0866  0.0615  0.0763  0.0716  0.0556
       0.0944  0.0677  0.0768  0.0802  0.0613  0.1011  0.0738  0.0736  0.0920  0.0683  0.1029  0.0808  0.0699  0.1064  0.0767
       0.0955  0.0921  0.0712  0.1160  0.0851  0.0819  0.1103  0.0797  0.1090  0.0974  0.0759  0.1247  0.0907  0.0879  0.1190
       0.0845  0.1129  0.1066  0.0794  0.1311  0.0982  0.0857  0.1320  0.0918  0.1055  0.1223  0.0850  0.1279  0.1118  0.0825
       0.1414  0.1037  0.0895  0.1427  0.0967  0.1056  0.1358  0.0900  0.1250  0.1262  0.0850  0.1413  0.1172  0.0845  0.1510
       0.1096  0.0892  0.1539  0.1033  0.0985  0.1520  0.0978  0.1101  0.1475  0.0931  0.1220  0.1420  0.0893  0.1325  0.1366
       0.0865  0.1410  0.1320  0.0846  0.1475  0.1283  0.0835  0.1522  0.1254  0.0829  0.1556  0.1234  0.0826  0.1579  0.1224
       0.0825  0.1594  0.1224  0.0823  0.1601  0.1237  0.0821  0.1599  0.1260  0.0816  0.1583  0.1293  0.0809  0.1549  0.1333
       0.0799  0.1488  0.1377  0.0789  0.1393  0.1420  0.0778  0.1259  0.1460  0.0771  0.1094  0.1496  0.0782  0.0922  0.1535
       0.0832  0.0778  0.1574  0.0938  0.0692  0.1588  0.1091  0.0661  0.1522  0.1249  0.0649  0.1325  0.1366  0.0639  0.1022
       0.1442  0.0674  0.0732  0.1505  0.0822  0.0576  0.1520  0.1062  0.0540  0.1354  0.1267  0.0531  0.0976  0.1382  0.0582
       0.0605  0.1458  0.0806  0.0451  0.1404  0.1106  0.0427  0.1041  0.1289  0.0458  0.0566  0.1389  0.0701  0.0357  0.1332
       0.1056  0.0332  0.0885  0.1254  0.0408  0.0389  0.1343  0.0761  0.0249  0.1116  0.1105  0.0253  0.0505  0.1258  0.0511
       0.0182  0.1190  0.0953  0.0154  0.0592  0.1171  0.0347  0.0125  0.1175  0.0839  0.0070  0.0590  0.1106  0.0255  0.0055
       0.1120  0.0784 -0.0007  0.0481  0.1062  0.0226 -0.0042  0.1017  0.0783 -0.0080  0.0269  0.1034  0.0277 -0.0147  0.0827
       0.0824 -0.0114 -0.0001  0.1004  0.0428 -0.0231  0.0484  0.0872 -0.0038 -0.0233  0.0870  0.0621 -0.0284  0.0010  0.0898
       0.0213 -0.0365  0.0454  0.0756 -0.0187 -0.0360  0.0763  0.0530 -0.0407 -0.0170  0.0809  0.0197 -0.0494  0.0182  0.0712
      -0.0166 -0.0527  0.0507  0.0560 -0.0435 -0.0480  0.0671  0.0352 -0.0588 -0.0318  0.0682  0.0086 -0.0667 -0.0077  0.0613
      -0.0192 -0.0715  0.0164  0.0516 -0.0433 -0.0736  0.0346  0.0404 -0.0615 -0.0723  0.0452  0.0279 -0.0743 -0.0677  0.0492
       0.0144 -0.0833 -0.0612  0.0490  0.0008 -0.0902 -0.0546  0.0464 -0.0119 -0.0958 -0.0491  0.0430 -0.0227 -0.1007 -0.0456
       0.0395 -0.0311 -0.1050 -0.0446  0.0362 -0.0371 -0.1091 -0.0467  0.0331 -0.0406 -0.1134 -0.0519  0.0303 -0.0418 -0.1175
      -0.0599  0.0278 -0.0401 -0.1211 -0.0702  0.0261 -0.0352 -0.1230 -0.0817  0.0249 -0.0269 -0.1225 -0.0933  0.0235 -0.0160
      -0.1189 -0.1042  0.0197 -0.0042 -0.1122 -0.1143  0.0100  0.0055 -0.1028 -0.1245 -0.0099  0.0109 -0.0908 -0.1350 -0.0405
       0.0123 -0.0746 -0.1426 -0.0758  0.0134 -0.0515 -0.1416 -0.1052  0.0143 -0.0236 -0.1292 -0.1244  0.0043 -0.0013 -0.1102
      -0.1391 -0.0302  0.0075 -0.0871 -0.1506 -0.0803  0.0104 -0.0541 -0.1469 -0.1187  0.0104 -0.0162 -0.1252 -0.1392 -0.0177
       0.0044 -0.0970 -0.1538 -0.0775  0.0102 -0.0574 -0.1495 -0.1244  0.0092 -0.0124 -0.1219 -0.1469 -0.0344  0.0071 -0.0862
      -0.1580 -0.1042  0.0132 -0.0338 -0.1373 -0.1409 -0.0098  0.0039 -0.1000 -0.1583 -0.0867  0.0142 -0.0460 -0.1440 -0.1374
      -0.0001  0.0029 -0.1039 -0.1581 -0.0814  0.0164 -0.0461 -0.1435 -0.1383 -0.0005  0.0065 -0.0992 -0.1587 -0.0907  0.0202
      -0.0336 -0.1353 -0.1431 -0.0127  0.0141 -0.0845 -0.1571 -0.1103  0.0238 -0.0104 -0.1186 -0.1501 -0.0448  0.0231 -0.0562
      -0.1459 -0.1307  0.0133  0.0140 -0.0930 -0.1550 -0.0930  0.0314 -0.0130 -0.1189 -0.1456 -0.0346  0.0303 -0.0504 -0.1402
      -0.1291  0.0153  0.0245 -0.0800 -0.1499 -0.1023  0.0381  0.0092 -0.1005 -0.1465 -0.0620  0.0426 -0.0156 -0.1175 -0.1367
      -0.0175  0.0419 -0.0408 -0.1308 -0.1244  0.0188  0.0398 -0.0602 -0.1384 -0.1087  0.0420  0.0353 -0.0735 -0.1398 -0.0892
       0.0546  0.0279 -0.0826 -0.1372 -0.0677  0.0610  0.0193 -0.0891 -0.1327 -0.0469  0.0650  0.0117 -0.0933 -0.1275 -0.0287
       0.0685  0.0066 -0.0952 -0.1224 -0.0145  0.0723  0.0047 -0.0949 -0.1179 -0.0049  0.0764  0.0060 -0.0927 -0.1143 -0.0001
       0.0809  0.0105 -0.0886 -0.1119 -0.0002  0.0856  0.0181 -0.0827 -0.1105 -0.0052  0.0904  0.0285 -0.0752 -0.1105 -0.0155
       0.0944  0.0408 -0.0665 -0.1118 -0.0308  0.0964  0.0541 -0.0566 -0.1131 -0.0490  0.0955  0.0680 -0.0436 -0.1112 -0.0659
       0.0908  0.0832 -0.0243 -0.1013 -0.0769  0.0797  0.1000  0.0034 -0.0825 -0.0826  0.0564  0.1151  0.0358 -0.0606 -0.0887
       0.0170  0.1223  0.0654 -0.0419 -0.0964 -0.0291  0.1185  0.0903 -0.0203 -0.0922 -0.0607  0.1019  0.1157  0.0168 -0.0668
      -0.0727  0.0622  0.1357  0.0612 -0.0384 -0.0832 -0.0018  0.1366  0.0967 -0.0143 -0.0834 -0.0508  0.1155  0.1292  0.0296
      -0.0528 -0.0669  0.0592  0.1506  0.0813 -0.0221 -0.0787 -0.0198  0.1414  0.1216  0.0126 -0.0610 -0.0565  0.0949  0.1564
       0.0725 -0.0221 -0.0704  0.0035  0.1559  0.1214  0.0107 -0.0598 -0.0506  0.1089  0.1629  0.0747 -0.0168 -0.0661  0.0066
       0.1631  0.1296  0.0196 -0.0507 -0.0496  0.1039  0.1735  0.0896 -0.0060 -0.0643 -0.0098  0.1620  0.1477  0.0406 -0.0320
      -0.0520  0.0735  0.1829  0.1142  0.0088 -0.0581 -0.0339  0.1429  0.1737  0.0767 -0.0073 -0.0574  0.0157  0.1787  0.1474
       0.0381 -0.0311 -0.0475  0.0852  0.1923  0.1205  0.0154 -0.0517 -0.0346  0.1410  0.1869  0.0924  0.0038 -0.0564 -0.0057
       0.1746  0.1693  0.0634 -0.0098 -0.0518  0.0383  0.1931  0.1497  0.0400 -0.0268 -0.0464  0.0839  0.2015  0.1323  0.0253
      -0.0414 -0.0409  0.1205  0.2022  0.1168  0.0170 -0.0502 -0.0333  0.1465  0.1981  0.1029  0.0117 -0.0545 -0.0236  0.1638
       0.1923  0.0913  0.0076 -0.0562 -0.0137  0.1747  0.1870  0.0828  0.0041 -0.0570 -0.0065  0.1807  0.1833  0.0773  0.0016
      -0.0580 -0.0036  0.1832  0.1820  0.0753  0.0006 -0.0593 -0.0056  0.1826  0.1835  0.0770  0.0016 -0.0604 -0.0120  0.1789
       0.1883  0.0827  0.0044 -0.0607 -0.0216  0.1715  0.1960  0.0923  0.0087 -0.0591 -0.0326  0.1585  0.2051  0.1053  0.0141
      -0.0544 -0.0433  0.1369  0.2124  0.1200  0.0196 -0.0465 -0.0538  0.1021  0.2127  0.1343  0.0260 -0.0361 -0.0653  0.0532
       0.2029  0.1498  0.0382 -0.0238 -0.0751  0.0000  0.1848  0.1720  0.0626 -0.0092 -0.0755 -0.0401  0.1576  0.1981  0.0959
       0.0046 -0.0630 -0.0631  0.1063  0.2083  0.1246  0.0161 -0.0446 -0.0805  0.0263  0.1914  0.1521  0.0406 -0.0244 -0.0876
      -0.0431  0.1580  0.1890  0.0848 -0.0048 -0.0720 -0.0759  0.0895  0.2019  0.1225  0.0118 -0.0477 -0.0952 -0.0137  0.1743
       0.1623  0.0535 -0.0218 -0.0899 -0.0756  0.1152  0.1974  0.1047 -0.0020 -0.0623 -0.1011 -0.0019  0.1762  0.1483  0.0389
      -0.0326 -0.0997 -0.0828  0.1127  0.1921  0.0981 -0.0089 -0.0686 -0.1107 -0.0197  0.1673  0.1494  0.0415 -0.0355 -0.1023
      -0.0985  0.0832  0.1876  0.1030 -0.0078 -0.0666 -0.1216 -0.0628  0.1445  0.1648  0.0605 -0.0324 -0.0955 -0.1184  0.0155
       0.1722  0.1211  0.0113 -0.0561 -0.1217 -0.1068  0.0913  0.1790  0.0874 -0.0226 -0.0807 -0.1352 -0.0773  0.1339  0.1589
       0.0551 -0.0417 -0.1028 -0.1359 -0.0249  0.1555  0.1268  0.0196 -0.0584 -0.1230 -0.1324  0.0311  0.1667  0.0993 -0.0110
      -0.0754 -0.1398 -0.1262  0.0737  0.1682  0.0787 -0.0323 -0.0906 -0.1510 -0.1155  0.1003  0.1611  0.0618 -0.0463 -0.1034
      -0.1575 -0.1016  0.1154  0.1501  0.0471 -0.0560 -0.1138 -0.1617 -0.0882  0.1235  0.1394  0.0351 -0.0634 -0.1218 -0.1653
      -0.0795  0.1268  0.1313  0.0266 -0.0689 -0.1278 -0.1690 -0.0777  0.1264  0.1270  0.0220 -0.0728 -0.1315 -0.1734 -0.0838
       0.1226  0.1264  0.0214 -0.0754 -0.1334 -0.1787 -0.0982  0.1145  0.1290  0.0243 -0.0766 -0.1337 -0.1843 -0.1190  0.1013
       0.1340  0.0301 -0.0759 -0.1318 -0.1883 -0.1426  0.0814  0.1399  0.0393 -0.0705 -0.1265 -0.1874 -0.1634  0.0526  0.1447
       0.0539 -0.0561 -0.1159 -0.1781 -0.1768  0.0107  0.1443  0.0760 -0.0311 -0.1021 -0.1630 -0.1858 -0.0482  0.1322  0.1033
      -0.0023 -0.0924 -0.1504 -0.1963 -0.1171  0.1022  0.1276  0.0223 -0.0846 -0.1396 -0.1993 -0.1693  0.0530  0.1426  0.0510
      -0.0580 -0.1186 -0.1795 -0.1893 -0.0228  0.1386  0.0923 -0.0130 -0.0982 -0.1562 -0.2014 -0.1203  0.1011  0.1294  0.0237
      -0.0845 -0.1389 -0.1998 -0.1825  0.0294  0.1459  0.0677 -0.0389 -0.1085 -0.1677 -0.1992 -0.0830  0.1208  0.1201  0.0133
      -0.0909 -0.1453 -0.2053 -0.1774  0.0456  0.1478  0.0625 -0.0443 -0.1109 -0.1695 -0.2003 -0.0823  0.1229  0.1239  0.0168
      -0.0887 -0.1426 -0.2032 -0.1839  0.0316  0.1519  0.0766 -0.0286 -0.1033 -0.1609 -0.2044 -0.1189  0.1062  0.1407  0.0347
      -0.0743 -0.1285 -0.1885 -0.1940 -0.0204  0.1483  0.1104  0.0042 -0.0917 -0.1468 -0.2061 -0.1714  0.0578  0.1589  0.0738
      -0.0318 -0.1019 -0.1590 -0.2027 -0.1167  0.1108  0.1506  0.0454 -0.0637 -0.1184 -0.1769 -0.1950 -0.0482  0.1455  0.1342
       0.0263 -0.0799 -0.1322 -0.1930 -0.1868  0.0107  0.1645  0.1154  0.0100 -0.0853 -0.1392 -0.2000 -0.1724  0.0543  0.1725
       0.0985 -0.0055 -0.0880 -0.1428 -0.2000 -0.1526  0.0850  0.1749  0.0863 -0.0180 -0.0906 -0.1453 -0.1971 -0.1327  0.1061
       0.1760  0.0796 -0.0252 -0.0922 -0.1462 -0.1938 -0.1177  0.1198  0.1780  0.0782 -0.0269 -0.0916 -0.1450 -0.1908 -0.1107
       0.1270  0.1820  0.0816 -0.0229 -0.0883 -0.1410 -0.1880 -0.1122  0.1281  0.1885  0.0897 -0.0132 -0.0820 -0.1342 -0.1850
      -0.1215  0.1224  0.1972  0.1030  0.0023 -0.0737 -0.1259 -0.1816 -0.1364  0.1078  0.2058  0.1207  0.0220 -0.0652 -0.1182
      -0.1772 -0.1533  0.0800  0.2100  0.1415  0.0420 -0.0581 -0.1121 -0.1695 -0.1680  0.0345  0.2043  0.1637  0.0605 -0.0479
      -0.1030 -0.1540 -0.1755 -0.0269  0.1866  0.1888  0.0834 -0.0222 -0.0831 -0.1295 -0.1738 -0.0912  0.1561  0.2161  0.1190
       0.0220 -0.0588 -0.1087 -0.1671 -0.1414  0.0995  0.2280  0.1588  0.0607 -0.0449 -0.0995 -0.1525 -0.1671  0.0054  0.2076
       0.1955  0.0909 -0.0153 -0.0760 -0.1203 -0.1671 -0.0930  0.1602  0.2325  0.1396  0.0449 -0.0462 -0.0982 -0.1562 -0.1528
       0.0632  0.2315  0.1879  0.0861 -0.0241 -0.0814 -0.1248 -0.1637 -0.0669  0.1797  0.2307  0.1349  0.0423 -0.0430 -0.0919
      -0.1481 -0.1437  0.0678  0.2286  0.1853  0.0887 -0.0162 -0.0707 -0.1103 -0.1513 -0.0761  0.1635  0.2285  0.1427  0.0567
      -0.0336 -0.0821 -0.1320 -0.1429  0.0237  0.2078  0.1936  0.1018  0.0094 -0.0497 -0.0877 -0.1366 -0.1090  0.1121  0.2233
       0.1612  0.0776 -0.0202 -0.0679 -0.1047 -0.1369 -0.0543  0.1628  0.2108  0.1315  0.0542 -0.0285 -0.0724 -0.1165 -0.1310
       0.0076  0.1874  0.1860  0.1046  0.0254 -0.0360 -0.0733 -0.1194 -0.1162  0.0609  0.1979  0.1638  0.0860  0.0019 -0.0461
      -0.0775 -0.1192 -0.0967  0.0967  0.1980  0.1463  0.0738 -0.0117 -0.0537 -0.0829 -0.1181 -0.0775  0.1164  0.1914  0.1321
       0.0646 -0.0180 -0.0574 -0.0864 -0.1160 -0.0625  0.1246  0.1820  0.1209  0.0574 -0.0210 -0.0584 -0.0873 -0.1135 -0.0541
       0.1245  0.1725  0.1125  0.0521 -0.0223 -0.0581 -0.0859 -0.1107 -0.0531  0.1181  0.1640  0.1067  0.0491 -0.0227 -0.0569
      -0.0826 -0.1076 -0.0585  0.1062  0.1562  0.1031  0.0479 -0.0218 -0.0544 -0.0776 -0.1039 -0.0685  0.0887  0.1485  0.1014
       0.0482 -0.0182 -0.0496 -0.0705 -0.0986 -0.0793  0.0653  0.1396  0.1021  0.0507 -0.0095 -0.0417 -0.0622 -0.0916 -0.0876
       0.0352  0.1275  0.1053  0.0559  0.0046 -0.0330 -0.0559 -0.0840 -0.0918 -0.0019  0.1091  0.1090  0.0623  0.0187 -0.0288
      -0.0540 -0.0765 -0.0921 -0.0412  0.0813  0.1089  0.0671  0.0266 -0.0260 -0.0501 -0.0660 -0.0869 -0.0702  0.0439  0.1020
       0.0731  0.0338 -0.0112 -0.0378 -0.0544 -0.0771 -0.0814 -0.0025  0.0845  0.0811  0.0436  0.0086 -0.0305 -0.0509 -0.0678
      -0.0818 -0.0489  0.0514  0.0818  0.0502  0.0179 -0.0234 -0.0428 -0.0548 -0.0732 -0.0716  0.0059  0.0700  0.0592  0.0281
      -0.0018 -0.0317 -0.0481 -0.0630 -0.0739 -0.0431  0.0395  0.0622  0.0356  0.0092 -0.0246 -0.0405 -0.0501 -0.0650 -0.0654
      -0.0056  0.0500  0.0443  0.0192 -0.0042 -0.0308 -0.0444 -0.0547 -0.0647 -0.0486  0.0174  0.0441  0.0258  0.0049 -0.0194
      -0.0339 -0.0428 -0.0543 -0.0591 -0.0264  0.0256  0.0318  0.0126 -0.0047 -0.0277 -0.0376 -0.0433 -0.0524 -0.0510 -0.0100
       0.0236  0.0183  0.0025 -0.0120 -0.0287 -0.0369 -0.0426 -0.0487 -0.0413 -0.0027  0.0160  0.0065 -0.0056 -0.0183 -0.0282
      -0.0339 -0.0393 -0.0431 -0.0320 -0.0023  0.0065 -0.0027 -0.0116 -0.0219 -0.0275 -0.0307 -0.0347 -0.0365 -0.0255 -0.0062
      -0.0031 -0.0099 -0.0157 -0.0227 -0.0256 -0.0271 -0.0293 -0.0297 -0.0221 -0.0125 -0.0122 -0.0159 -0.0187 -0.0218 -0.0228
      -0.0230 -0.0233 -0.0228 -0.0209 -0.0200 -0.0207
