DAMPING =   .020


         PERIOD      FREQUENCY       RESPONSE      TIME


          .0200       50.0000       -1.6648       17.0420         1
          .0205       48.7568       -1.7208       17.0420         2
          .0210       47.5444       -1.7975       17.0420         3
          .0216       46.3623       -1.8208       17.0420         4
          .0221       45.2095       -1.8470       17.0420         5
          .0227       44.0854       -1.8803       17.0420         6
          .0233       42.9892       -1.9125       17.0420         7
          .0239       41.9203       -1.9613       17.0440         8
          .0245       40.8779       -1.9873       17.0440         9
          .0251       39.8615       -2.0330       17.0425        10
          .0257       38.8704       -2.1288       17.0425        11
          .0264       37.9039       -2.1805       17.0425        12
          .0271       36.9614       -2.2387       17.0425        13
          .0277       36.0424       -2.6288       17.0425        14
          .0285       35.1462       -2.6702       17.0450        15
          .0292       34.2723       -2.5934       17.0450        16
          .0299       33.4201       -2.5605       17.0450        17
          .0307       32.5891       -2.5740       17.0450        18
          .0315       31.7788       -2.6084       17.0450        19
          .0323       30.9886       -2.6512       17.0450        20
          .0331       30.2181       -2.6938       17.0450        21
          .0339       29.4667       -2.6690       17.0433        22
          .0348       28.7341       -2.6658       17.0433        23
          .0357       28.0196       -2.6914       17.0433        24
          .0366       27.3229       -2.8357       17.0433        25
          .0375       26.6435       -2.9621       17.0433        26
          .0385       25.9810       -3.0502       17.0433        27
          .0395       25.3350       -3.3202       17.0433        28
          .0405       24.7051       -4.0867       17.0433        29
          .0415       24.0908       -5.6051       17.0467        30
          .0426       23.4918       -4.8411       17.0500        31
          .0437       22.9077        4.2786        9.1633        32
          .0448       22.3381        4.5403        9.3500        33
          .0459       21.7826        4.7206        9.6333        34
          .0471       21.2410        5.0484        9.8267        35
          .0483       20.7129       -5.4033       10.1000        36
          .0495       20.1979       -5.6760       10.4067        37
          .0508       19.6956       -6.2056       10.6150        38
          .0521       19.2059       -6.6276       10.8300        39
          .0534       18.7284       -7.0904       11.1600        40
          .0548       18.2627       -7.5805       11.4400        41
          .0562       17.8086       -8.0603       11.7300        42
          .0576       17.3658       -8.3367       12.0250        43
          .0591       16.9340       -8.8630       12.3900        44
          .0606       16.5129       -9.2571       12.6400        45
          .0621       16.1023       -9.7969       12.9600        46
          .0637       15.7020       10.4675       13.3200        47
          .0653       15.3115       11.0704       13.7250        48
          .0670       14.9308       11.6872       14.0700        49
          .0687       14.5596       12.3781       14.4250        50
          .0704       14.1976       13.1383       14.7200        51
          .0722       13.8445       13.8198       15.0900        52
          .0741       13.5003      -14.4058       15.5100        53
          .0760       13.1646      -15.2305       15.8250        54
          .0779       12.8373      -16.0222       16.2250        55
          .0799       12.5181      -17.1549       16.7150        56
          .0819       12.2068      -20.5977       17.0550        57
          .0840       11.9033      -19.1519       17.4000        58
          .0862       11.6073      -17.4521       17.8400        59
          .0883       11.3187      -15.1377       18.2900        60
          .0906       11.0373      -12.0129       18.7550        61
          .0929       10.7628       -9.3662       19.0400        62
          .0953       10.4952       -6.8613       19.1450        63
          .0977       10.2343       -5.5497       17.2550        64
          .1002        9.9798       -5.1586       17.1600        65
          .1028        9.7317       -4.8382       17.1600        66
          .1054        9.4897       -4.6073       17.1600        67
          .1081        9.2537       -4.2281       17.1600        68
          .1108        9.0236       -3.9481       17.1700        69
          .1136        8.7993       -3.8577       17.1700        70
          .1165        8.5805       -3.6657       17.0700        71
          .1195        8.3671       -3.6805       17.0700        72
          .1226        8.1591       -3.7006       17.0700        73
          .1257        7.9562       -3.6263       17.0700        74
          .1289        7.7584       -3.6965       17.0700        75
          .1322        7.5655       -3.6872       17.0700        76
          .1356        7.3773       -3.6394       17.0700        77
          .1390        7.1939       -3.7094       17.0700        78
          .1426        7.0150       -3.6615       17.0700        79
          .1462        6.8406       -3.6449       17.0700        80
          .1499        6.6705       -3.7214         .0800        81
          .1537        6.5047       -3.8214         .0800        82
          .1577        6.3429       -4.0230         .2500        83
          .1617        6.1852       -4.2233         .2600        84
          .1658        6.0314       -4.4272         .2600        85
          .1700        5.8814       -4.6547         .2700        86
          .1744        5.7352       -4.8393         .2800        87
          .1788        5.5926       -5.0833         .2800        88
          .1834        5.4535       -5.2909         .2900        89
          .1880        5.3179       -5.4937         .2900        90
          .1928        5.1857       -5.7212         .3000        91
          .1978        5.0568       -5.9042         .3100        92
          .2028        4.9310       -6.1124         .3100        93
          .2080        4.8084       -6.3108         .3200        94
          .2133        4.6889       -6.4670         .3300        95
          .2187        4.5723       -6.6542         .3300        96
          .2243        4.4586       -6.8207         .3400        97
          .2300        4.3477       -6.9489         .3500        98
          .2359        4.2396       -7.0848         .3500        99
          .2419        4.1342       -7.2175         .3600       100
          .2481        4.0314       -7.3173         .3700       101
          .2544        3.9312       -7.3897         .3800       102
          .2609        3.8334       -7.4683         .3800       103
          .2675        3.7381       -7.5399         .3900       104
          .2743        3.6452       -7.5910         .4000       105
          .2813        3.5545       -7.6275         .4100       106
          .2885        3.4661       -7.6550         .4200       107
          .2959        3.3800       -7.6785         .4300       108
          .3034        3.2959       -7.8338         .1500       109
          .3111        3.2140       -8.0073         .1600       110
          .3191        3.1340       -8.2083         .1600       111
          .3272        3.0561       -8.3903         .1600       112
          .3356        2.9801       -8.5834         .1700       113
          .3441        2.9060       -8.7879         .1700       114
          .3529        2.8338       -8.9720         .1700       115
          .3619        2.7633       -9.1943         .1800       116
          .3711        2.6946       -9.3976         .1800       117
          .3806        2.6276       -9.6183         .1900       118
          .3903        2.5623       -9.8386         .1900       119
          .4002        2.4986      -10.0678         .2000       120
          .4104        2.4364      -10.3025         .2000       121
          .4209        2.3759      -10.5488         .2100       122
          .4316        2.3168      -10.7951         .2100       123
          .4426        2.2592      -11.0656         .2200       124
          .4539        2.2030      -11.3325         .2300       125
          .4655        2.1482      -11.6210         .2300       126
          .4774        2.0948      -11.9235         .2400       127
          .4895        2.0427      -12.2334         .2500       128
          .5020        1.9919      -12.5561         .2500       129
          .5148        1.9424      -12.9072         .2600       130
          .5280        1.8941      -13.2718         .2700       131
          .5414        1.8470      -13.6518         .2800       132
          .5552        1.8011      -14.0481         .2900       133
          .5694        1.7563      -14.4611         .3000       134
          .5839        1.7126      -14.8906         .3100       135
          .5988        1.6700      -15.3388         .3100       136
          .6141        1.6285      -15.8066         .3200       137
          .6297        1.5880      -16.2884         .3300       138
          .6458        1.5485      -16.7831         .3400       139
          .6622        1.5100      -17.2895         .3500       140
          .6791        1.4725      -17.8067         .3600       141
          .6964        1.4359      -18.3340         .3700       142
          .7142        1.4002      -18.8708         .3800       143
          .7324        1.3654      -19.4171         .3900       144
          .7511        1.3314      -19.9760         .3900       145
          .7702        1.2983      -20.5466         .4000       146
          .7899        1.2660      -21.1264         .4100       147
          .8100        1.2345      -21.7160         .4200       148
          .8307        1.2038      -22.3164         .4300       149
          .8519        1.1739      -22.9282         .4400       150
          .8736        1.1447      -23.5523         .4500       151
          .8958        1.1163      -24.1949         .4700       152
          .9187        1.0885      -24.8544         .4800       153
          .9421        1.0614      -25.5295         .4900       154
          .9661        1.0350      -26.2201         .5000       155
          .9908        1.0093      -26.9263         .5200       156
         1.0160         .9842      -27.6620         .5300       157
         1.0419         .9597      -28.4123         .5400       158
         1.0685         .9359       29.6429        2.1900       159
         1.0958         .9126       30.7970        2.2400       160
         1.1237         .8899       31.7784        2.2900       161
         1.1524         .8678       32.6083        2.3400       162
         1.1817         .8462       33.2756        2.3900       163
         1.2119         .8252       33.7679        2.4400       164
         1.2428         .8047      -34.1076         .6400       165
         1.2745         .7846      -34.9741         .6500       166
         1.3070         .7651      -35.8428         .6600       167
         1.3403         .7461      -36.7286         .6800       168
         1.3745         .7276      -37.6192         .6900       169
         1.4095         .7095      -38.5248         .7100       170
         1.4454         .6918      -39.4363         .7200       171
         1.4823         .6746      -40.3671         .7400       172
         1.5201         .6579      -41.3045         .7600       173
         1.5589         .6415      -42.2558         .7700       174
         1.5986         .6255      -43.2205         .7900       175
         1.6394         .6100      -44.1908         .8100       176
         1.6812         .5948       45.8347        1.8700       177
         1.7240         .5800       49.2322        1.9100       178
         1.7680         .5656       52.7790        1.9600       179
         1.8131         .5515       56.4673        2.0000       180
         1.8593         .5378       60.2867        2.0500       181
         1.9067         .5245       64.2267        2.0900       182
         1.9553         .5114       68.2505        2.1300       183
         2.0052         .4987       72.3392        2.1700       184
         2.0563         .4863       76.5063        2.2200       185
         2.1088         .4742       80.7201        2.2600       186
         2.1625         .4624       84.9661        2.3000       187
         2.2177         .4509       89.2379        2.3500       188
         2.2742         .4397       93.5358        2.3900       189
         2.3322         .4288       97.8294        2.4300       190
         2.3917         .4181      102.1110        2.4800       191
         2.4527         .4077      106.3772        2.5200       192
         2.5152         .3976      110.6044        2.5600       193
         2.5794         .3877      114.7964        2.6100       194
         2.6451         .3781      118.9299        2.6500       195
         2.7126         .3687      123.0083        2.7000       196
         2.7817         .3595      127.0037        2.7500       197
         2.8527         .3505      130.9210        2.7900       198
         2.9254         .3418      134.7419        2.8400       199
         3.0000         .3333      138.4572        2.8900       200
