DAMPING =   .050


         PERIOD      FREQUENCY       RESPONSE      TIME


          .0200       50.0000       -1.6256       17.0420         1
          .0205       48.7568       -1.6746       17.0420         2
          .0210       47.5444       -1.7220       17.0420         3
          .0216       46.3623       -1.7604       17.0420         4
          .0221       45.2095       -1.7940       17.0420         5
          .0227       44.0854       -1.8267       17.0420         6
          .0233       42.9892       -1.8580       17.0420         7
          .0239       41.9203       -1.9040       17.0440         8
          .0245       40.8779       -1.9526       17.0440         9
          .0251       39.8615       -2.0177       17.0425        10
          .0257       38.8704       -2.0785       17.0425        11
          .0264       37.9039       -2.1477       17.0425        12
          .0271       36.9614       -2.2372       17.0425        13
          .0277       36.0424       -2.3388       17.0425        14
          .0285       35.1462       -2.4061       17.0450        15
          .0292       34.2723       -2.4530       17.0450        16
          .0299       33.4201       -2.4761       17.0450        17
          .0307       32.5891       -2.5033       17.0450        18
          .0315       31.7788       -2.5382       17.0450        19
          .0323       30.9886       -2.5778       17.0450        20
          .0331       30.2181       -2.6180       17.0450        21
          .0339       29.4667       -2.6103       17.0433        22
          .0348       28.7341       -2.6450       17.0433        23
          .0357       28.0196       -2.7006       17.0433        24
          .0366       27.3229       -2.7884       17.0433        25
          .0375       26.6435       -2.8955       17.0467        26
          .0385       25.9810       -3.0526       17.0467        27
          .0395       25.3350       -3.2780       17.0467        28
          .0405       24.7051       -3.6476       17.0467        29
          .0415       24.0908       -3.9903       17.0467        30
          .0426       23.4918       -3.8676       17.0467        31
          .0437       22.9077       -3.6042       17.0500        32
          .0448       22.3381       -3.3940       17.0500        33
          .0459       21.7826       -3.2603       17.0500        34
          .0471       21.2410       -3.1985       17.0500        35
          .0483       20.7129       -3.1826       17.0500        36
          .0495       20.1979       -3.1935       17.0500        37
          .0508       19.6956       -3.1334       17.0500        38
          .0521       19.2059       -3.2439       10.8300        39
          .0534       18.7284       -3.4983       11.0500        40
          .0548       18.2627       -3.7135       11.3300        41
          .0562       17.8086       -3.8961       11.7300        42
          .0576       17.3658       -4.0982       11.9100        43
          .0591       16.9340       -4.2318       12.2700        44
          .0606       16.5129       -4.4716       12.5800        45
          .0621       16.1023       -4.7221       12.8350        46
          .0637       15.7020        4.9335       13.2550        47
          .0653       15.3115        5.3120       13.5250        48
          .0670       14.9308        5.6415       13.8000        49
          .0687       14.5596        5.8222       14.2850        50
          .0704       14.1976        6.3198       14.5050        51
          .0722       13.8445        6.6279       14.9450        52
          .0741       13.5003        6.8546       15.3200        53
          .0760       13.1646       -7.2563       15.6700        54
          .0779       12.8373       -7.6648       16.1450        55
          .0799       12.5181       -9.4541       17.0500        56
          .0819       12.2068      -11.1772       17.0550        57
          .0840       11.9033      -11.0301       17.0600        58
          .0862       11.6073       -9.6809       17.0650        59
          .0883       11.3187       -8.1046       17.2400        60
          .0906       11.0373       -6.9895       17.1550        61
          .0929       10.7628       -6.0281       17.1600        62
          .0953       10.4952       -5.4504       17.1600        63
          .0977       10.2343       -4.9753       17.1600        64
          .1002        9.9798       -4.5459       17.1600        65
          .1028        9.7317       -4.3052       17.1600        66
          .1054        9.4897       -4.0593       17.1600        67
          .1081        9.2537       -3.7867       17.1600        68
          .1108        9.0236       -3.6726       17.0700        69
          .1136        8.7993       -3.6321       17.0700        70
          .1165        8.5805       -3.5991       17.0700        71
          .1195        8.3671       -3.5828       17.0700        72
          .1226        8.1591       -3.5738       17.0700        73
          .1257        7.9562       -3.5633       17.0700        74
          .1289        7.7584       -3.5643       17.0700        75
          .1322        7.5655       -3.5613       17.0700        76
          .1356        7.3773       -3.5570       17.0700        77
          .1390        7.1939       -3.5605       17.0700        78
          .1426        7.0150       -3.5535       17.0700        79
          .1462        6.8406       -3.5469       17.0700        80
          .1499        6.6705       -3.5733         .0800        81
          .1537        6.5047       -3.6674         .0800        82
          .1577        6.3429       -3.7819         .0900        83
          .1617        6.1852       -3.9106         .0900        84
          .1658        6.0314       -4.0317         .0900        85
          .1700        5.8814       -4.1869         .2700        86
          .1744        5.7352       -4.3704         .2800        87
          .1788        5.5926       -4.5617         .2800        88
          .1834        5.4535       -4.7606         .2900        89
          .1880        5.3179       -4.9230         .2900        90
          .1928        5.1857       -5.1344         .3000        91
          .1978        5.0568       -5.3072         .3100        92
          .2028        4.9310       -5.4781         .3100        93
          .2080        4.8084       -5.6595         .3200        94
          .2133        4.6889       -5.8035         .3300        95
          .2187        4.5723       -5.9630         .3300        96
          .2243        4.4586       -6.1117         .3400        97
          .2300        4.3477       -6.2260         .3500        98
          .2359        4.2396       -6.3510         .3500        99
          .2419        4.1342       -6.4661         .3600       100
          .2481        4.0314       -6.5517         .3700       101
          .2544        3.9312       -6.6175         .3700       102
          .2609        3.8334       -6.7000         .3800       103
          .2675        3.7381       -6.7594         .3900       104
          .2743        3.6452       -6.8275         .1400       105
          .2813        3.5545       -6.9852         .1400       106
          .2885        3.4661       -7.1421         .1500       107
          .2959        3.3800       -7.3258         .1500       108
          .3034        3.2959       -7.4935         .1500       109
          .3111        3.2140       -7.6581         .1600       110
          .3191        3.1340       -7.8496         .1600       111
          .3272        3.0561       -8.0239         .1600       112
          .3356        2.9801       -8.2066         .1700       113
          .3441        2.9060       -8.4020         .1700       114
          .3529        2.8338       -8.5790         .1700       115
          .3619        2.7633       -8.7889         .1800       116
          .3711        2.6946       -8.9840         .1800       117
          .3806        2.6276       -9.1931         .1900       118
          .3903        2.5623       -9.4042         .1900       119
          .4002        2.4986       -9.6220         .2000       120
          .4104        2.4364       -9.8468         .2000       121
          .4209        2.3759      -10.0815         .2100       122
          .4316        2.3168      -10.3174         .2100       123
          .4426        2.2592      -10.5758         .2200       124
          .4539        2.2030      -10.8322         .2300       125
          .4655        2.1482      -11.1073         .2300       126
          .4774        2.0948      -11.3980         .2400       127
          .4895        2.0427      -11.6971         .2500       128
          .5020        1.9919      -12.0084         .2600       129
          .5148        1.9424      -12.3425         .2600       130
          .5280        1.8941      -12.6946         .2700       131
          .5414        1.8470      -13.0620         .2800       132
          .5552        1.8011      -13.4456         .2900       133
          .5694        1.7563      -13.8454         .3000       134
          .5839        1.7126      -14.2611         .3100       135
          .5988        1.6700      -14.6918         .3200       136
          .6141        1.6285      -15.1364         .3300       137
          .6297        1.5880      -15.5997         .3300       138
          .6458        1.5485      -16.0763         .3400       139
          .6622        1.5100      -16.5637         .3500       140
          .6791        1.4725      -17.0611         .3600       141
          .6964        1.4359      -17.5675         .3700       142
          .7142        1.4002      -18.0825         .3800       143
          .7324        1.3654      -18.6061         .3900       144
          .7511        1.3314      -19.1384         .4000       145
          .7702        1.2983      -19.6800         .4100       146
          .7899        1.2660      -20.2338         .4100       147
          .8100        1.2345      -20.7975         .4200       148
          .8307        1.2038      -21.3710         .4300       149
          .8519        1.1739      -21.9554         .4400       150
          .8736        1.1447      -22.5555         .4600       151
          .8958        1.1163      -23.1700         .4700       152
          .9187        1.0885      -23.7992         .4800       153
          .9421        1.0614      -24.4433         .4900       154
          .9661        1.0350      -25.1023         .5000       155
          .9908        1.0093      -25.7817         .5200       156
         1.0160         .9842      -26.4834         .5300       157
         1.0419         .9597      -27.1991         .5400       158
         1.0685         .9359      -27.9322         .5600       159
         1.0958         .9126      -28.6871         .5700       160
         1.1237         .8899      -29.4522         .5800       161
         1.1524         .8678      -30.2307         .6000       162
         1.1817         .8462      -31.0263         .6100       163
         1.2119         .8252      -31.8277         .6200       164
         1.2428         .8047      -32.6402         .6400       165
         1.2745         .7846      -33.4655         .6500       166
         1.3070         .7651      -34.2934         .6600       167
         1.3403         .7461      -35.1382         .6800       168
         1.3745         .7276      -35.9870         .6900       169
         1.4095         .7095      -36.8497         .7100       170
         1.4454         .6918      -37.7189         .7200       171
         1.4823         .6746      -38.6052         .7400       172
         1.5201         .6579      -39.4974         .7600       173
         1.5589         .6415      -40.4051         .7700       174
         1.5986         .6255      -41.3232         .7900       175
         1.6394         .6100      -42.2464         .8100       176
         1.6812         .5948      -43.1809         .8200       177
         1.7240         .5800       44.6716        1.9500       178
         1.7680         .5656       48.0086        1.9900       179
         1.8131         .5515       51.4686        2.0300       180
         1.8593         .5378       55.0394        2.0800       181
         1.9067         .5245       58.7032        2.1200       182
         1.9553         .5114       62.4315        2.1600       183
         2.0052         .4987       66.2262        2.2000       184
         2.0563         .4863       70.0796        2.2400       185
         2.1088         .4742       73.9643        2.2800       186
         2.1625         .4624       77.8856        2.3200       187
         2.2177         .4509       81.8234        2.3600       188
         2.2742         .4397       85.7767        2.4100       189
         2.3322         .4288       89.7368        2.4500       190
         2.3917         .4181       93.6821        2.4900       191
         2.4527         .4077       97.6039        2.5300       192
         2.5152         .3976      101.4956        2.5800       193
         2.5794         .3877      105.3563        2.6200       194
         2.6451         .3781      109.1671        2.6600       195
         2.7126         .3687      112.9228        2.7100       196
         2.7817         .3595      116.6092        2.7500       197
         2.8527         .3505      120.2203        2.8000       198
         2.9254         .3418      123.7475        2.8400       199
         3.0000         .3333      127.1862        2.8900       200
	 
