       TIME INCREMENT =  .010
                    SIMULATED GROUND ACCELERATION


        .0508   .0975   .1430   .1782   .2049   .2216   .2311   .2351   .2341   .2306   .2251   .2180   .2114   .2043   .1986
        .1944   .1919   .1918   .1940   .1979   .2039   .2107   .2183   .2260   .2330   .2395   .2448   .2489   .2519   .2534
        .2539   .2532   .2512   .2486   .2451   .2412   .2373   .2334   .2302   .2277   .2261   .2255   .2256   .2266   .2282
        .2301   .2323   .2346   .2366   .2386   .2400   .2410   .2413   .2408   .2396   .2376   .2348   .2314   .2276   .2236
        .2196   .2156   .2121   .2089   .2062   .2039   .2021   .2007   .1997   .1990   .1986   .1984   .1981   .1978   .1972
        .1963   .1948   .1927   .1901   .1870   .1833   .1794   .1751   .1707   .1663   .1618   .1575   .1534   .1495   .1459
        .1427   .1399   .1374   .1352   .1334   .1316   .1299   .1281   .1260   .1237   .1211   .1180   .1147   .1110   .1070
        .1027   .0980   .0934   .0884   .0836   .0788   .0740   .0695   .0654   .0614   .0580   .0546   .0516   .0489   .0461
        .0434   .0407   .0379   .0350   .0318   .0285   .0249   .0210   .0168   .0124   .0077   .0029  -.0021  -.0070  -.0118
       -.0166  -.0211  -.0254  -.0295  -.0334  -.0370  -.0404  -.0436  -.0467  -.0496  -.0526  -.0556  -.0586  -.0618  -.0651
       -.0686  -.0724  -.0764  -.0806  -.0850  -.0894  -.0940  -.0985  -.1030  -.1074  -.1117  -.1158  -.1198  -.1235  -.1270
       -.1302  -.1333  -.1363  -.1390  -.1418  -.1445  -.1473  -.1502  -.1531  -.1563  -.1596  -.1630  -.1667  -.1704  -.1742
       -.1781  -.1820  -.1859  -.1898  -.1935  -.1971  -.2005  -.2037  -.2068  -.2096  -.2123  -.2148  -.2172  -.2197  -.2220
       -.2243  -.2267  -.2292  -.2318  -.2344  -.2371  -.2385  -.2399  -.2412  -.2423  -.2430  -.2435  -.2436  -.2432  -.2424
       -.2413  -.2403  -.2395  -.2393  -.2402  -.2423  -.2456  -.2497  -.2537  -.2569  -.2580  -.2564  -.2525  -.2473  -.2429
       -.2413  -.2436  -.2493  -.2558  -.2599  -.2591  -.2537  -.2473  -.2442  -.2472  -.2544  -.2602  -.2597  -.2525  -.2446
       -.2428  -.2486  -.2557  -.2558  -.2476  -.2392  -.2394  -.2474  -.2526  -.2474  -.2374  -.2353  -.2435  -.2498  -.2441
       -.2340  -.2342  -.2437  -.2463  -.2363  -.2290  -.2356  -.2429  -.2357  -.2249  -.2282  -.2370  -.2316  -.2197  -.2225
       -.2315  -.2250  -.2137  -.2190  -.2267  -.2170  -.2089  -.2183  -.2208  -.2077  -.2074  -.2178  -.2105  -.2003  -.2092
       -.2111  -.1971  -.1994  -.2077  -.1956  -.1908  -.2014  -.1933  -.1837  -.1943  -.1901  -.1781  -.1876  -.1862  -.1730
       -.1820  -.1816  -.1682  -.1774  -.1763  -.1633  -.1734  -.1699  -.1584  -.1695  -.1621  -.1540  -.1650  -.1531  -.1505
       -.1588  -.1436  -.1484  -.1502  -.1362  -.1467  -.1393  -.1325  -.1428  -.1281  -.1327  -.1339  -.1211  -.1327  -.1213
       -.1206  -.1261  -.1113  -.1221  -.1125  -.1099  -.1161  -.1010  -.1119  -.1010  -.1004  -.1041  -.0906  -.1019  -.0880
       -.0930  -.0904  -.0823  -.0912  -.0759  -.0867  -.0752  -.0778  -.0772  -.0684  -.0773  -.0621  -.0734  -.0598  -.0658
       -.0601  -.0568  -.0604  -.0489  -.0587  -.0433  -.0543  -.0403  -.0479  -.0390  -.0405  -.0385  -.0332  -.0376  -.0267
       -.0357  -.0215  -.0325  -.0174  -.0283  -.0143  -.0234  -.0117  -.0180  -.0093  -.0122  -.0069  -.0066  -.0043  -.0013
       -.0015   .0037   .0014   .0085   .0045   .0129   .0077   .0169   .0110   .0205   .0142   .0239   .0174   .0270   .0205
        .0296   .0235   .0318   .0262   .0335   .0287   .0347   .0313   .0356   .0343   .0364   .0381   .0379   .0431   .0405
        .0497   .0446   .0580   .0500   .0664   .0557   .0729   .0602   .0753   .0622   .0731   .0625   .0680   .0642   .0641
        .0707   .0652   .0819   .0712   .0924   .0774   .0954   .0793   .0888   .0797   .0799   .0861   .0785   .0997   .0849
        .1095   .0899   .1047   .0905   .0921   .0969   .0884   .1126   .0951   .1206   .0987   .1094   .1010   .0968   .1153
        .0998   .1290   .1054   .1197   .1075   .1037   .1222   .1058   .1361   .1111   .1229   .1148   .1079   .1337   .1127
        .1402   .1159   .1191   .1273   .1130   .1467   .1192   .1329   .1247   .1153   .1467   .1211   .1434   .1252   .1196
        .1459   .1227   .1498   .1269   .1237   .1465   .1245   .1531   .1288   .1260   .1494   .1265   .1544   .1310   .1266
        .1547   .1285   .1523   .1341   .1260   .1610   .1296   .1456   .1406   .1260   .1651   .1306   .1356   .1525   .1275
        .1605   .1346   .1270   .1656   .1290   .1445   .1476   .1251   .1662   .1329   .1273   .1663   .1271   .1450   .1490
        .1224   .1655   .1335   .1227   .1699   .1256   .1355   .1576   .1200   .1557   .1408   .1163   .1698   .1284   .1196
        .1700   .1201   .1319   .1592   .1138   .1490   .1442   .1091   .1634   .1305   .1080   .1703   .1198   .1120   .1690
        .1116   .1206   .1617   .1053   .1315   .1515   .1002   .1422   .1406   .0963   .1509   .1306   .0934   .1568   .1217
        .0915   .1601   .1143   .0903   .1613   .1081   .0896   .1611   .1029   .0888   .1602   .0985   .0878   .1589   .0950
        .0862   .1576   .0925   .0841   .1565   .0910   .0812   .1554   .0906   .0776   .1541   .0914   .0734   .1522   .0933
        .0688   .1488   .0963   .0637   .1425   .1001   .0581   .1319   .1042   .0517   .1164   .1086   .0457   .0970   .1137
        .0420   .0768   .1207   .0439   .0597   .1284   .0527   .0476   .1320   .0663   .0384   .1238   .0799   .0289   .1000
        .0913   .0209   .0676   .1033   .0230   .0409   .1158   .0393   .0253   .1160   .0608   .0134   .0900   .0781   .0040
        .0488   .0946   .0114   .0190   .1071   .0371   .0032   .0904   .0617  -.0093   .0440   .0823  -.0028   .0071   .0976
        .0280  -.0111   .0743   .0562  -.0226   .0204   .0803  -.0044  -.0124   .0849   .0327  -.0303   .0361   .0613  -.0271
       -.0136   .0808   .0122  -.0360   .0442   .0469  -.0413  -.0160   .0730  -.0021  -.0432   .0429   .0377  -.0510  -.0229
        .0664  -.0093  -.0527   .0320   .0334  -.0577  -.0358   .0607  -.0093  -.0647   .0113   .0345  -.0584  -.0520   .0520
       -.0022  -.0766  -.0186   .0408  -.0480  -.0690   .0298   .0094  -.0822  -.0516   .0449  -.0273  -.0868  -.0135   .0245
       -.0690  -.0786   .0256  -.0039  -.0957  -.0620   .0360  -.0358  -.1000  -.0303   .0205  -.0714  -.0940   .0051  -.0025
       -.0999  -.0840   .0250  -.0269  -.1130  -.0665   .0243  -.0538  -.1144  -.0412   .0110  -.0815  -.1107  -.0152  -.0059
       -.1049  -.1053   .0041  -.0226  -.1209  -.0977   .0135  -.0389  -.1296  -.0875   .0147  -.0550  -.1333  -.0756   .0105
       -.0705  -.1345  -.0638   .0040  -.0846  -.1349  -.0535  -.0029  -.0965  -.1350  -.0455  -.0088  -.1058  -.1354  -.0401
       -.0134  -.1125  -.1363  -.0375  -.0166  -.1170  -.1381  -.0380  -.0186  -.1195  -.1412  -.0414  -.0194  -.1201  -.1452
       -.0477  -.0187  -.1180  -.1499  -.0565  -.0161  -.1128  -.1545  -.0674  -.0117  -.1039  -.1582  -.0797  -.0056  -.0911
       -.1599  -.0926   .0008  -.0749  -.1589  -.1054   .0047  -.0576  -.1547  -.1187   .0004  -.0420  -.1478  -.1339  -.0166
       -.0297  -.1367  -.1502  -.0453  -.0178  -.1176  -.1618  -.0767  -.0029  -.0882  -.1629  -.1024   .0084  -.0556  -.1545
       -.1246  -.0022  -.0313  -.1403  -.1480  -.0403  -.0130  -.1136  -.1626  -.0830   .0080  -.0712  -.1579  -.1136   .0105
       -.0333  -.1420  -.1420  -.0302  -.0087  -.1116  -.1601  -.0826   .0164  -.0605  -.1524  -.1184   .0083  -.0198  -.1304
       -.1496  -.0507   .0098  -.0833  -.1551  -.1010   .0252  -.0273  -.1356  -.1378  -.0269   .0079  -.0925  -.1532  -.0898
        .0330  -.0283  -.1343  -.1316  -.0172   .0125  -.0895  -.1494  -.0870   .0388  -.0200  -.1280  -.1317  -.0220   .0241
       -.0739  -.1433  -.0921   .0406  -.0033  -.1150  -.1362  -.0404   .0423  -.0450  -.1323  -.1042   .0256   .0191  -.0908
       -.1380  -.0664   .0577  -.0071  -.1149  -.1219  -.0149   .0481  -.0457  -.1262  -.0928   .0403   .0294  -.0815  -.1296
       -.0611   .0692   .0098  -.1014  -.1191  -.0217   .0684  -.0169  -.1112  -.0984   .0233   .0560  -.0460  -.1170  -.0757
        .0613   .0438  -.0685  -.1177  -.0526   .0837   .0322  -.0818  -.1120  -.0277   .0916   .0196  -.0887  -.1018  -.0014
        .0912   .0061  -.0923  -.0897   .0238   .0880  -.0061  -.0939  -.0780   .0458   .0853  -.0153  -.0939  -.0675   .0636
        .0843  -.0209  -.0926  -.0588   .0768   .0852  -.0229  -.0903  -.0520   .0858   .0880  -.0216  -.0871  -.0474   .0911
        .0927  -.0171  -.0833  -.0450   .0927   .0994  -.0092  -.0786  -.0448   .0903   .1079   .0017  -.0733  -.0474   .0828
        .1174   .0152  -.0681  -.0532   .0690   .1268   .0307  -.0629  -.0620   .0493   .1354   .0476  -.0566  -.0711   .0268
        .1425   .0670  -.0457  -.0755   .0066   .1458   .0902  -.0261  -.0709  -.0091   .1390   .1161   .0028  -.0598  -.0249
        .1132   .1395   .0347  -.0500  -.0462   .0688   .1554   .0653  -.0407  -.0638   .0245   .1619   .0994  -.0167  -.0606
       -.0038   .1472   .1368   .0240  -.0458  -.0300   .0957   .1635   .0649  -.0359  -.0563   .0332   .1725   .1079  -.0089
       -.0530  -.0041   .1469   .1534   .0405  -.0372  -.0380   .0728   .1782   .0889  -.0220  -.0545   .0115   .1698   .1442
        .0264  -.0367  -.0264   .0966   .1814   .0817  -.0238  -.0528   .0177   .1780   .1440   .0248  -.0347  -.0256   .0976
        .1868   .0863  -.0201  -.0510   .0126   .1763   .1558   .0362  -.0303  -.0345   .0756   .1938   .1037  -.0091  -.0457
       -.0020   .1554   .1764   .0587  -.0264  -.0486   .0365   .1939   .1366   .0169  -.0341  -.0256   .1004   .1956   .0934
       -.0149  -.0485  -.0008   .1616   .1782   .0578  -.0267  -.0516   .0278   .1933   .1475   .0253  -.0321  -.0390   .0703
        .2006   .1133  -.0024  -.0420  -.0223   .1180   .1953   .0843  -.0203  -.0529  -.0077   .1562   .1829   .0609  -.0292
       -.0586   .0063   .1799   .1665   .0410  -.0336  -.0588   .0217   .1921   .1491   .0242  -.0373  -.0562   .0374   .1971
        .1335   .0107  -.0414  -.0535   .0507   .1983   .1213   .0005  -.0457  -.0525   .0591   .1975   .1127  -.0067  -.0498
       -.0538   .0615   .1960   .1080  -.0108  -.0529  -.0573   .0577   .1944   .1075  -.0119  -.0549  -.0628   .0480   .1928
        .1117  -.0097  -.0558  -.0697   .0330   .1904   .1211  -.0034  -.0556  -.0768   .0147   .1860   .1354   .0073  -.0545
       -.0823  -.0049   .1764   .1529   .0217  -.0537  -.0852  -.0253   .1552   .1688   .0374  -.0540  -.0855  -.0482   .1160
        .1778   .0546  -.0519  -.0835  -.0734   .0614   .1797   .0801  -.0386  -.0783  -.0940   .0073   .1759   .1185  -.0106
       -.0718  -.1021  -.0340   .1523   .1550   .0210  -.0694  -.1005  -.0703   .0884   .1702   .0527  -.0603  -.0939  -.1030
        .0074   .1696   .1028  -.0252  -.0841  -.1146  -.0497   .1384   .1514   .0167  -.0800  -.1101  -.0946   .0472   .1651
        .0639  -.0560  -.0987  -.1228  -.0398   .1507   .1307  -.0049  -.0907  -.1213  -.0946   .0613   .1590   .0465  -.0700
       -.1090  -.1305  -.0446   .1473   .1236  -.0122  -.0986  -.1287  -.1064   .0445   .1553   .0486  -.0700  -.1141  -.1396
       -.0662   .1302   .1317  -.0056  -.1033  -.1325  -.1286  -.0030   .1516   .0732  -.0529  -.1153  -.1450  -.0995   .0810
        .1438   .0165  -.0954  -.1304  -.1500  -.0648   .1333   .1163  -.0215  -.1156  -.1440  -.1397  -.0137   .1459   .0705
       -.0569  -.1247  -.1540  -.1203   .0476   .1421   .0267  -.0900  -.1347  -.1610  -.1001   .0968   .1310  -.0043  -.1128
       -.1450  -.1632  -.0783   .1244   .1130  -.0264  -.1253  -.1533  -.1604  -.0537   .1360   .0913  -.0444  -.1322  -.1596
       -.1552  -.0291   .1396   .0710  -.0593  -.1366  -.1644  -.1501  -.0086   .1400   .0556  -.0706  -.1401  -.1680  -.1471
        .0048   .1397   .0461  -.0775  -.1427  -.1705  -.1465   .0101   .1396   .0427  -.0802  -.1444  -.1720  -.1488   .0068
        .1399   .0452  -.0787  -.1456  -.1730  -.1545  -.0056   .1399   .0533  -.0734  -.1466  -.1737  -.1631  -.0269   .1384
        .0666  -.0650  -.1475  -.1740  -.1738  -.0552   .1336   .0845  -.0535  -.1466  -.1728  -.1833  -.0855   .1228   .1057
       -.0368  -.1392  -.1673  -.1862  -.1115   .1007   .1280  -.0108  -.1199  -.1567  -.1811  -.1326   .0587   .1450   .0261
       -.0913  -.1484  -.1751  -.1564  -.0068   .1482   .0689  -.0629  -.1472  -.1731  -.1802  -.0757   .1328   .1119  -.0316
       -.1345  -.1628  -.1834  -.1198   .0879   .1473   .0178  -.0958  -.1468  -.1728  -.1526  -.0006   .1563   .0785  -.0553
       -.1432  -.1687  -.1810  -.0888   .1288   .1350  -.0081  -.1150  -.1501  -.1739  -.1349   .0449   .1649   .0641  -.0624
       -.1404  -.1661  -.1739  -.0706   .1441   .1346  -.0100  -.1152  -.1476  -.1706  -.1303   .0516   .1727   .0727  -.0550
       -.1359  -.1613  -.1725  -.0776   .1429   .1519   .0088  -.0985  -.1380  -.1624  -.1385   .0189   .1789   .1048  -.0334
       -.1272  -.1517  -.1701  -.1008   .1138   .1798   .0534  -.0638  -.1279  -.1540  -.1583  -.0473   .1673   .1552   .0094
       -.0959  -.1308  -.1546  -.1300   .0286   .1921   .1219  -.0187  -.1154  -.1395  -.1596  -.1033   .0992   .1992   .0894
       -.0371  -.1186  -.1429  -.1588  -.0761   .1483   .1942   .0613  -.0534  -.1159  -.1410  -.1490  -.0440   .1789   .1835
        .0402  -.0677  -.1144  -.1384  -.1359  -.0107   .1981   .1730   .0268  -.0776  -.1143  -.1365  -.1240   .0177   .2107
        .1658   .0202  -.0823  -.1139  -.1346  -.1153   .0374   .2195   .1635   .0189  -.0825  -.1124  -.1319  -.1101   .0466
        .2259   .1666   .0224  -.0786  -.1090  -.1279  -.1081   .0453   .2305   .1756   .0307  -.0704  -.1036  -.1222  -.1088
        .0340   .2330   .1906   .0446  -.0569  -.0966  -.1157  -.1120   .0137   .2311   .2108   .0644  -.0382  -.0897  -.1103
       -.1170  -.0132   .2200   .2328   .0899  -.0169  -.0860  -.1086  -.1224  -.0429   .1919   .2507   .1198   .0028  -.0849
       -.1087  -.1231  -.0701   .1411   .2601   .1557   .0239  -.0742  -.1011  -.1131  -.0902   .0729   .2604   .2023   .0583
       -.0408  -.0846  -.1002  -.1053   .0030   .2397   .2488   .1056  -.0009  -.0783  -.1008  -.1157  -.0539   .1725   .2718
        .1568   .0290  -.0694  -.0960  -.1063  -.0873   .0698   .2703   .2222   .0772  -.0217  -.0767  -.0944  -.1070  -.0230
        .2202   .2732   .1394   .0222  -.0731  -.0976  -.1075  -.0778   .0985  1.0000   .2105   .0704  -.0257  -.0743  -.0892
       -.1006  -.0178   .2181   .2667   .1374   .0257  -.0669  -.0897  -.0980  -.0765   .0769   .2638   .2153   .0815  -.0095
       -.0672  -.0844  -.0981  -.0385   .1744   .2611   .1536   .0395  -.0504  -.0766  -.0839  -.0826   .0204   .2325   .2353
        .1092   .0162  -.0632  -.0827  -.0916  -.0652   .0873   .2471   .1921   .0729  -.0094  -.0618  -.0773  -.0899  -.0417
        .1462   .2416   .1512   .0454  -.0353  -.0653  -.0740  -.0816  -.0129   .1852   .2279   .1215   .0287  -.0508  -.0708
       -.0758  -.0736   .0153   .2033   .2093   .1001   .0178  -.0562  -.0731  -.0782  -.0670   .0382   .2075   .1901   .0843
        .0096  -.0566  -.0724  -.0787  -.0617   .0532   .2044   .1735   .0731   .0035  -.0558  -.0707  -.0778  -.0584   .0591
        .1975   .1614   .0660   .0001  -.0549  -.0691  -.0761  -.0571   .0560   .1884   .1537   .0626  -.0004  -.0542  -.0679
       -.0740  -.0580   .0451   .1774   .1498   .0622   .0013  -.0537  -.0667  -.0713  -.0600   .0277   .1636   .1488   .0644
        .0045  -.0520  -.0644  -.0670  -.0620   .0069   .1457   .1493   .0696   .0097  -.0464  -.0589  -.0610  -.0626  -.0134
        .1215   .1497   .0788   .0181  -.0339  -.0508  -.0553  -.0618  -.0306   .0883   .1466   .0917   .0294  -.0172  -.0456
       -.0542  -.0609  -.0440   .0458   .1352   .1051   .0406  -.0041  -.0455  -.0550  -.0572  -.0520   .0040   .1126   .1151
        .0531   .0068  -.0367  -.0470  -.0487  -.0525  -.0241   .0756   .1180   .0713   .0218  -.0155  -.0392  -.0462  -.0511
       -.0400   .0257   .1052   .0884   .0358  -.0007  -.0368  -.0439  -.0442  -.0446  -.0137   .0740   .0974   .0534   .0142
       -.0173  -.0335  -.0384  -.0428  -.0324   .0250   .0885   .0723   .0292  -.0005  -.0302  -.0358  -.0358  -.0365  -.0133
        .0573   .0808   .0470   .0146  -.0102  -.0264  -.0310  -.0336  -.0279   .0103   .0677   .0632   .0286   .0043  -.0191
       -.0244  -.0250  -.0275  -.0160   .0318   .0645   .0459   .0184  -.0004  -.0187  -.0221  -.0219  -.0212  -.0042   .0420
        .0544   .0319   .0120  -.0033  -.0133  -.0160  -.0171  -.0141   .0066   .0424   .0427   .0226   .0083  -.0043  -.0085
       -.0094  -.0107  -.0066   .0141   .0374   .0325   .0173   .0074  -.0021  -.0038  -.0035  -.0041   .0001   .0170   .0300
        .0242   .0144   .0083   .0024   .0019   .0025   .0026   .0059   .0161   .0216   .0177   .0129   .0102   .0080   .0082
        .0089   .0094   .0108   .0130   .0131   .0122
